# a e tf col af ef lyapunov_final
2.177465 0.634278 0.0000 1 2.177465 0.634278 nan 0.000000 0.000000e+00
3.254443 0.685291 0.0000 1 3.254443 0.685291 nan 0.000000 0.000000e+00
1.123403 0.310650 0.0000 1 1.123403 0.310650 nan 0.000000 0.000000e+00
1.472324 0.223039 0.0000 1 1.472324 0.223039 nan 0.000000 0.000000e+00
1.552005 0.533950 0.0000 1 1.552005 0.533950 nan 0.000000 0.000000e+00
2.287673 0.533323 0.0000 1 2.287673 0.533323 nan 0.000000 0.000000e+00
1.258275 0.444252 0.0000 1 1.258275 0.444252 nan 0.000000 0.000000e+00
3.412751 0.021549 3141.5927 0 3.411900 0.018808 2.773939e-03 0.008812 1.180937e-02
1.273939 0.322649 0.0000 1 1.273939 0.322649 nan 0.000000 0.000000e+00
1.318811 0.591705 0.0000 1 1.318811 0.591705 nan 0.000000 0.000000e+00
2.247007 0.644262 0.0000 1 2.247007 0.644262 nan 0.000000 0.000000e+00
2.261764 0.546554 0.0000 1 2.261764 0.546554 nan 0.000000 0.000000e+00
3.273265 0.075186 3141.5927 0 3.275062 0.076348 2.777828e-03 0.025740 2.353960e-02
2.638365 0.116865 3141.5927 0 2.650654 0.126344 2.978719e-03 0.045625 3.357616e-02
2.337408 0.129489 3141.5927 0 2.298406 0.087122 2.858549e-03 0.067616 5.400843e-02
1.789933 0.126080 3141.5927 0 1.796150 0.104162 1.497705e-03 0.136393 4.569236e-02
3.377535 0.530213 3141.5927 0 3.161448 0.499207 2.920805e-03 0.484688 7.018813e-02
2.334932 0.100395 3141.5927 0 2.348211 0.096344 2.797287e-03 0.055466 5.506172e-02
1.492186 0.353442 0.0000 1 1.492186 0.353442 nan 0.000000 0.000000e+00
1.163236 0.662884 0.0000 1 1.163236 0.662884 nan 0.000000 0.000000e+00
2.287861 0.305725 3141.5927 0 2.201088 0.271980 1.368318e-03 0.118139 3.974676e-02
1.842215 0.193291 3141.5927 0 1.856135 0.182171 2.212549e-03 0.152821 4.940748e-02
1.700861 0.380935 0.0000 1 1.700861 0.380935 nan 0.000000 0.000000e+00
2.733366 0.532951 3141.5927 0 2.699021 0.524771 4.168007e-03 0.239291 4.204349e-02
3.404361 0.647604 3141.5927 0 2.980025 0.604570 1.792845e-02 1.323253 1.268873e-01
2.261861 0.366358 3141.5927 0 2.193787 0.340008 7.096464e-03 0.208913 6.358621e-02
2.913413 0.677273 0.0000 1 2.913413 0.677273 nan 0.000000 0.000000e+00
3.445992 0.469443 3141.5927 0 3.358686 0.451345 1.807956e-03 0.176825 2.954988e-02
2.925390 0.112847 3141.5927 0 2.923263 0.112142 2.807274e-03 0.021319 1.692753e-02
1.429872 0.553432 0.0000 1 1.429872 0.553432 nan 0.000000 0.000000e+00
1.367108 0.287056 0.0000 1 1.367108 0.287056 nan 0.000000 0.000000e+00
3.361017 0.071627 3141.5927 0 3.358353 0.070695 2.775395e-03 0.015958 1.405872e-02
3.197031 0.661808 0.0000 1 3.197031 0.661808 nan 0.000000 0.000000e+00
1.115814 0.287246 0.0000 1 1.115814 0.287246 nan 0.000000 0.000000e+00
3.008424 0.417320 3141.5927 0 3.004144 0.413679 1.345864e-03 0.136135 3.242403e-02
1.957790 0.070472 3141.5927 0 1.963957 0.042145 2.905564e-03 0.060858 4.489847e-02
2.344580 0.664858 0.0000 1 2.344580 0.664858 nan 0.000000 0.000000e+00
1.943766 0.591695 0.0000 1 1.943766 0.591695 nan 0.000000 0.000000e+00
1.277148 0.330478 0.0000 1 1.277148 0.330478 nan 0.000000 0.000000e+00
1.084861 0.678537 0.0000 1 1.084861 0.678537 nan 0.000000 0.000000e+00
2.062884 0.137045 3141.5927 0 2.009085 0.066017 2.954793e-03 0.150551 1.107046e-01
2.397275 0.622876 0.0000 1 2.397275 0.622876 nan 0.000000 0.000000e+00
1.960871 0.653991 0.0000 1 1.960871 0.653991 nan 0.000000 0.000000e+00
2.479125 0.319626 3141.5927 0 2.375675 0.280630 1.670771e-03 0.347497 9.849235e-02
3.147928 0.501432 3141.5927 0 3.459698 0.538088 8.826412e-03 0.524081 7.905270e-02
1.641811 0.608434 0.0000 1 1.641811 0.608434 nan 0.000000 0.000000e+00
3.393253 0.058378 3141.5927 0 3.386917 0.055685 2.767576e-03 0.012812 1.225606e-02
1.175849 0.189052 0.0000 1 1.175849 0.189052 nan 0.000000 0.000000e+00
3.102386 0.013201 3141.5927 0 3.103666 0.015418 2.781364e-03 0.010150 1.429989e-02
2.210972 0.362164 3141.5927 0 2.155482 0.337926 1.379724e-03 0.128755 3.747266e-02
2.644337 0.475636 3141.5927 0 2.639800 0.468285 6.709057e-03 0.221522 4.862981e-02
1.856845 0.625605 0.0000 1 1.856845 0.625605 nan 0.000000 0.000000e+00
1.319145 0.305398 0.0000 1 1.319145 0.305398 nan 0.000000 0.000000e+00
1.867332 0.123557 3141.5927 0 1.910226 0.116525 1.269935e-03 0.110727 4.882343e-02
1.594927 0.539841 0.0000 1 1.594927 0.539841 nan 0.000000 0.000000e+00
2.429971 0.677696 0.0000 1 2.429971 0.677696 nan 0.000000 0.000000e+00
3.260662 0.400569 3141.5927 0 3.056657 0.350916 2.292170e-03 0.361132 8.011935e-02
2.342399 0.673036 0.0000 1 2.342399 0.673036 nan 0.000000 0.000000e+00
2.904034 0.281766 3141.5927 0 2.897049 0.274844 2.994396e-03 0.057736 2.131612e-02
2.734313 0.343828 3141.5927 0 2.742516 0.344003 2.203664e-03 0.128950 3.634997e-02
2.481046 0.129387 3141.5927 0 2.573264 0.182876 3.084454e-03 0.132205 8.246485e-02
1.758638 0.572814 0.0000 1 1.758638 0.572814 nan 0.000000 0.000000e+00
2.872727 0.417852 3141.5927 0 2.861724 0.410138 1.505296e-03 0.182849 4.145235e-02
3.369288 0.345392 3141.5927 0 3.361873 0.340202 2.757555e-03 0.102183 2.610771e-02
1.585700 0.250485 3141.5927 0 1.370684 0.248719 7.981980e-04 0.369729 3.707509e-02
1.561356 0.676554 0.0000 1 1.561356 0.676554 nan 0.000000 0.000000e+00
2.286506 0.362605 3141.5927 0 2.107239 0.310526 1.034963e-02 0.290831 7.946273e-02
2.228562 0.387699 3141.5927 0 2.121647 0.354827 2.418959e-03 0.153479 4.313001e-02
3.383392 0.494702 3141.5927 0 3.395579 0.492298 2.820982e-03 0.202018 3.111595e-02
2.552610 0.144184 3141.5927 0 2.570020 0.154369 2.829033e-03 0.080337 4.850387e-02
2.634021 0.004298 3141.5927 0 2.629065 0.011871 2.802319e-03 0.018697 3.128619e-02
1.349462 0.482118 0.0000 1 1.349462 0.482118 nan 0.000000 0.000000e+00
2.006561 0.207680 3141.5927 0 2.052016 0.215655 1.930091e-03 0.173188 6.120477e-02
2.655070 0.034339 3141.5927 0 2.659862 0.026945 2.769618e-03 0.024515 3.158850e-02
2.154314 0.121724 3141.5927 0 2.176976 0.119337 2.956791e-03 0.050574 4.214643e-02
1.466504 0.423734 0.0000 1 1.466504 0.423734 nan 0.000000 0.000000e+00
1.405653 0.478126 0.0000 1 1.405653 0.478126 nan 0.000000 0.000000e+00
2.671531 0.005380 3141.5927 0 2.678314 0.010326 2.780194e-03 0.017010 2.697709e-02
1.154920 0.137063 0.0000 1 1.154920 0.137063 nan 0.000000 0.000000e+00
2.503892 0.063692 3141.5927 0 2.529731 0.085370 2.670337e-03 0.075167 7.250614e-02
2.766366 0.583288 0.0000 1 2.766366 0.583288 nan 0.000000 0.000000e+00
1.844767 0.016038 3141.5927 0 1.847071 0.026153 2.177424e-03 0.097276 7.871771e-02
2.683678 0.316842 3141.5927 0 2.647267 0.299051 3.911273e-03 0.109202 3.336377e-02
1.406864 0.190663 0.0000 1 1.406864 0.190663 nan 0.000000 0.000000e+00
1.325070 0.594953 0.0000 1 1.325070 0.594953 nan 0.000000 0.000000e+00
1.585990 0.278818 0.0000 1 1.585990 0.278818 nan 0.000000 0.000000e+00
1.388324 0.147608 3141.5927 0 1.311123 0.135594 9.710241e-03 0.228044 8.965343e-02
3.419286 0.694267 0.0000 1 3.419286 0.694267 nan 0.000000 0.000000e+00
2.752748 0.333543 3141.5927 0 2.734809 0.328280 2.824288e-03 0.144052 4.279113e-02
1.745541 0.529681 0.0000 1 1.745541 0.529681 nan 0.000000 0.000000e+00
1.924895 0.692413 0.0000 1 1.924895 0.692413 nan 0.000000 0.000000e+00
2.385222 0.563639 0.0000 1 2.385222 0.563639 nan 0.000000 0.000000e+00
2.620002 0.074560 3141.5927 0 2.625494 0.069615 2.752386e-03 0.038540 3.586829e-02
2.358034 0.456441 3141.5927 0 2.295978 0.441507 1.755413e-03 0.337782 6.966573e-02
3.244977 0.044207 3141.5927 0 3.251919 0.055152 2.739171e-03 0.021988 2.759997e-02
3.250561 0.339614 3141.5927 0 3.289373 0.348772 2.625486e-03 0.318715 8.903423e-02
1.056059 0.690234 0.0000 1 1.056059 0.690234 nan 0.000000 0.000000e+00
2.084773 0.699623 0.0000 1 2.084773 0.699623 nan 0.000000 0.000000e+00
3.370169 0.098188 3141.5927 0 3.364040 0.096009 2.812397e-03 0.020314 1.540829e-02
1.494255 0.078668 3141.5927 0 1.371788 0.067803 2.122410e-03 0.380735 3.352502e-02
2.294359 0.526914 0.0000 1 2.294359 0.526914 nan 0.000000 0.000000e+00
1.810256 0.317625 3141.5927 0 1.921244 0.316649 1.313406e-02 0.302682 6.805595e-02
1.715066 0.102619 3141.5927 0 1.801725 0.101025 2.615070e-03 0.155884 4.937945e-02
1.401889 0.349321 0.0000 1 1.401889 0.349321 nan 0.000000 0.000000e+00
1.341703 0.325608 0.0000 1 1.341703 0.325608 nan 0.000000 0.000000e+00
1.821087 0.000297 3141.5927 0 1.803804 0.017292 2.815400e-03 0.079538 5.598443e-02
2.570664 0.695523 0.0000 1 2.570664 0.695523 nan 0.000000 0.000000e+00
3.232197 0.475852 3141.5927 0 3.178674 0.464542 1.515483e-03 0.414720 6.827313e-02
3.260577 0.592186 3141.5927 0 3.121171 0.573200 1.408791e-03 0.482297 5.228355e-02
2.489718 0.444160 3141.5927 0 2.499318 0.437134 8.591206e-04 0.392191 6.763912e-02
2.215292 0.142696 3141.5927 0 2.206213 0.120593 2.781200e-03 0.062433 3.702890e-02
1.797474 0.275645 3141.5927 0 1.816458 0.257831 1.542175e-02 0.281735 7.077558e-02
2.870498 0.106576 3141.5927 0 2.863898 0.102349 2.808818e-03 0.022904 1.751063e-02
2.402321 0.670345 0.0000 1 2.402321 0.670345 nan 0.000000 0.000000e+00
2.481804 0.566516 0.0000 1 2.481804 0.566516 nan 0.000000 0.000000e+00
3.278266 0.018203 3141.5927 0 3.277426 0.015008 2.777003e-03 0.010047 1.275583e-02
3.472387 0.463389 3141.5927 0 3.389152 0.445863 1.682462e-03 0.156215 2.691364e-02
1.264702 0.670388 0.0000 1 1.264702 0.670388 nan 0.000000 0.000000e+00
3.429829 0.557574 3141.5927 0 3.496403 0.561977 1.108719e-02 0.764831 1.007691e-01
2.477839 0.286204 3141.5927 0 2.434045 0.268429 1.687276e-03 0.332929 1.097171e-01
2.664094 0.128019 3141.5927 0 2.680890 0.132463 2.803856e-03 0.042715 2.985388e-02
1.312125 0.033752 3141.5927 0 1.257630 0.024960 2.693830e-03 0.132037 1.067324e-01
2.616506 0.633730 0.0000 1 2.616506 0.633730 nan 0.000000 0.000000e+00
1.637576 0.025381 3141.5927 0 1.376014 0.017776 2.120641e-03 0.387430 3.556338e-02
3.289608 0.543267 3141.5927 0 3.099455 0.515059 1.295734e-03 0.444331 5.873349e-02
3.412930 0.601029 3141.5927 0 3.475515 0.601778 1.016757e-02 0.974656 1.038418e-01
1.066841 0.184407 0.0000 1 1.066841 0.184407 nan 0.000000 0.000000e+00
1.510703 0.183834 3141.5927 0 1.367426 0.178316 1.434434e-03 0.378096 3.598023e-02
2.297116 0.314309 3141.5927 0 2.206150 0.280163 1.811852e-03 0.128456 4.225988e-02
2.289365 0.060751 3141.5927 0 2.285940 0.057135 2.796869e-03 0.036809 4.465885e-02
2.965983 0.058909 3141.5927 0 2.959250 0.056265 2.797979e-03 0.015209 1.607688e-02
1.926894 0.232970 3141.5927 0 1.766971 0.169382 1.191301e-02 0.282452 8.308947e-02
3.376574 0.393204 3141.5927 0 3.380745 0.390596 2.896862e-03 0.124714 2.697169e-02
1.730985 0.155473 3141.5927 0 1.838884 0.162243 1.175086e-02 0.277532 8.750295e-02
2.051014 0.544911 0.0000 1 2.051014 0.544911 nan 0.000000 0.000000e+00
2.792826 0.373668 3141.5927 0 2.804797 0.370168 2.185258e-03 0.103113 3.119909e-02
2.982220 0.164516 3141.5927 0 2.977594 0.156964 2.816111e-03 0.030875 1.977582e-02
1.418796 0.335146 0.0000 1 1.418796 0.335146 nan 0.000000 0.000000e+00
1.430783 0.678224 0.0000 1 1.430783 0.678224 nan 0.000000 0.000000e+00
1.289081 0.497206 0.0000 1 1.289081 0.497206 nan 0.000000 0.000000e+00
3.179294 0.364954 3141.5927 0 3.202949 0.366843 2.062457e-03 0.361735 8.568698e-02
2.631836 0.031554 3141.5927 0 2.628930 0.034534 2.807647e-03 0.025865 3.470853e-02
1.390759 0.477219 0.0000 1 1.390759 0.477219 nan 0.000000 0.000000e+00
2.901792 0.365021 3141.5927 0 2.831619 0.342032 2.303204e-03 0.179644 4.933771e-02
1.065857 0.589059 0.0000 1 1.065857 0.589059 nan 0.000000 0.000000e+00
1.348709 0.094863 3141.5927 0 1.294576 0.078296 2.517551e-03 0.154385 6.251035e-02
1.721183 0.248300 3141.5927 0 1.788181 0.235155 2.204933e-03 0.148228 5.543338e-02
2.375145 0.672258 0.0000 1 2.375145 0.672258 nan 0.000000 0.000000e+00
2.471235 0.355940 3141.5927 0 2.634898 0.384371 1.751665e-03 0.365306 8.803556e-02
1.033585 0.055022 0.0000 1 1.033585 0.055022 nan 0.000000 0.000000e+00
1.011088 0.416912 0.0000 1 1.011088 0.416912 nan 0.000000 0.000000e+00
2.744059 0.617269 0.0000 1 2.744059 0.617269 nan 0.000000 0.000000e+00
2.733742 0.602007 0.0000 1 2.733742 0.602007 nan 0.000000 0.000000e+00
1.768426 0.534948 0.0000 1 1.768426 0.534948 nan 0.000000 0.000000e+00
2.932086 0.698146 0.0000 1 2.932086 0.698146 nan 0.000000 0.000000e+00
2.253540 0.095623 3141.5927 0 2.228155 0.059063 2.573618e-03 0.052097 4.597672e-02
1.416449 0.191117 0.0000 1 1.416449 0.191117 nan 0.000000 0.000000e+00
2.417959 0.254912 3141.5927 0 2.452691 0.257977 2.036696e-03 0.340000 1.180921e-01
2.714591 0.209194 3141.5927 0 2.717332 0.207275 2.012435e-03 0.073834 3.590627e-02
3.104111 0.196575 3141.5927 0 3.105799 0.195055 2.743944e-03 0.046265 2.671523e-02
2.475684 0.266960 3141.5927 0 2.423650 0.239160 1.718381e-03 0.323471 1.166987e-01
2.309442 0.189950 3141.5927 0 2.288559 0.179071 3.160253e-03 0.090039 4.964402e-02
1.807609 0.614721 0.0000 1 1.807609 0.614721 nan 0.000000 0.000000e+00
1.055411 0.228616 0.0000 1 1.055411 0.228616 nan 0.000000 0.000000e+00
2.286892 0.088224 3141.5927 0 2.291050 0.071377 2.826354e-03 0.045580 4.327439e-02
3.206310 0.072782 3141.5927 0 3.182760 0.037549 2.642379e-03 0.095026 1.093076e-01
2.512532 0.160950 3141.5927 0 2.524975 0.162268 2.712397e-03 0.115799 6.265362e-02
1.041843 0.279766 0.0000 1 1.041843 0.279766 nan 0.000000 0.000000e+00
1.603251 0.309297 0.0000 1 1.603251 0.309297 nan 0.000000 0.000000e+00
2.560792 0.636478 0.0000 1 2.560792 0.636478 nan 0.000000 0.000000e+00
1.125843 0.620496 0.0000 1 1.125843 0.620496 nan 0.000000 0.000000e+00
2.930178 0.177078 3141.5927 0 2.913404 0.168267 2.844115e-03 0.030727 1.806699e-02
1.135911 0.457000 0.0000 1 1.135911 0.457000 nan 0.000000 0.000000e+00
1.396416 0.117197 3141.5927 0 1.325773 0.107498 5.381099e-03 0.217315 8.688205e-02
2.056328 0.062559 3141.5927 0 2.049330 0.053268 2.837633e-03 0.055264 4.611254e-02
3.012114 0.248057 3141.5927 0 3.009557 0.242604 2.778969e-03 0.052325 2.345115e-02
2.079207 0.310041 3141.5927 0 1.931572 0.266611 2.042601e-03 0.197267 5.321779e-02
1.528601 0.470121 0.0000 1 1.528601 0.470121 nan 0.000000 0.000000e+00
1.866725 0.470867 0.0000 1 1.866725 0.470867 nan 0.000000 0.000000e+00
3.446106 0.494257 3141.5927 0 3.352311 0.476156 1.831093e-03 0.194544 3.102609e-02
3.181927 0.264608 3141.5927 0 3.166829 0.256048 2.619222e-03 0.279855 9.748424e-02
2.142735 0.552844 0.0000 1 2.142735 0.552844 nan 0.000000 0.000000e+00
1.397197 0.680483 0.0000 1 1.397197 0.680483 nan 0.000000 0.000000e+00
2.488817 0.507284 3141.5927 0 2.449942 0.492519 2.182269e-03 0.444400 7.121144e-02
1.070748 0.664513 0.0000 1 1.070748 0.664513 nan 0.000000 0.000000e+00
3.188658 0.041487 3141.5927 0 3.178265 0.031608 2.790397e-03 0.013867 2.360498e-02
2.253099 0.170211 3141.5927 0 2.213747 0.137298 2.378936e-03 0.091530 4.985641e-02
2.703836 0.274531 3141.5927 0 2.702905 0.271628 2.415760e-03 0.108451 3.869734e-02
3.334476 0.596334 3141.5927 0 3.017660 0.556635 3.929895e-03 0.546731 6.670150e-02
1.842449 0.413630 0.0000 1 1.842449 0.413630 nan 0.000000 0.000000e+00
1.094091 0.503468 0.0000 1 1.094091 0.503468 nan 0.000000 0.000000e+00
3.482805 0.044936 3141.5927 0 3.475609 0.042862 2.770279e-03 0.010284 1.135585e-02
1.427660 0.203753 0.0000 1 1.427660 0.203753 nan 0.000000 0.000000e+00
2.732254 0.219224 3141.5927 0 2.737515 0.219154 3.054446e-03 0.053816 2.489271e-02
1.019338 0.697610 0.0000 1 1.019338 0.697610 nan 0.000000 0.000000e+00
2.041996 0.136358 3141.5927 0 2.039790 0.117331 2.154445e-03 0.137997 8.329968e-02
2.070757 0.091801 3141.5927 0 2.065904 0.073322 2.833393e-03 0.056706 4.056028e-02
2.895909 0.172609 3141.5927 0 2.901619 0.170566 2.872817e-03 0.030689 1.813824e-02
1.861420 0.037250 3141.5927 0 1.890327 0.022512 2.505849e-03 0.078665 6.140448e-02
2.062763 0.217821 3141.5927 0 1.939169 0.162754 1.599340e-03 0.169809 6.309034e-02
2.960829 0.043370 3141.5927 0 2.959666 0.038430 2.780254e-03 0.014149 1.633078e-02
2.780338 0.346789 3141.5927 0 2.754383 0.335657 3.009233e-03 0.088619 2.615195e-02
3.354875 0.118370 3141.5927 0 3.355939 0.118253 2.798559e-03 0.025804 1.755961e-02
1.715313 0.568868 0.0000 1 1.715313 0.568868 nan 0.000000 0.000000e+00
2.164802 0.267923 3141.5927 0 2.102150 0.234763 8.441122e-03 0.178959 6.420891e-02
2.597461 0.073460 3141.5927 0 2.617683 0.094288 2.834580e-03 0.042501 3.979341e-02
2.427515 0.542872 0.0000 1 2.427515 0.542872 nan 0.000000 0.000000e+00
2.929368 0.286350 3141.5927 0 2.936252 0.283622 2.794932e-03 0.054376 2.020294e-02
1.603928 0.217986 3141.5927 0 1.389223 0.212639 1.602007e-03 0.374464 3.674973e-02
1.256660 0.169981 0.0000 1 1.256660 0.169981 nan 0.000000 0.000000e+00
1.033532 0.203107 0.0000 1 1.033532 0.203107 nan 0.000000 0.000000e+00
1.885866 0.016990 3141.5927 0 1.909003 0.017085 2.807294e-03 0.056115 2.007332e-02
1.306284 0.510783 0.0000 1 1.306284 0.510783 nan 0.000000 0.000000e+00
2.445727 0.341592 3141.5927 0 2.602251 0.373013 1.230003e-03 0.366578 9.129891e-02
3.287783 0.173442 3141.5927 0 3.293048 0.173884 2.771616e-03 0.060198 3.053228e-02
1.935648 0.521720 0.0000 1 1.935648 0.521720 nan 0.000000 0.000000e+00
3.489125 0.005099 3141.5927 0 3.483956 0.003494 2.764782e-03 0.007294 8.507998e-03
2.686698 0.501232 3141.5927 0 3.058315 0.545491 1.218379e-02 0.897366 1.192181e-01
1.998679 0.027779 3141.5927 0 2.006059 0.011666 2.355444e-03 0.101481 1.049067e-01
1.264170 0.596174 0.0000 1 1.264170 0.596174 nan 0.000000 0.000000e+00
1.305333 0.221716 0.0000 1 1.305333 0.221716 nan 0.000000 0.000000e+00
1.322750 0.314283 0.0000 1 1.322750 0.314283 nan 0.000000 0.000000e+00
1.637179 0.485042 0.0000 1 1.637179 0.485042 nan 0.000000 0.000000e+00
1.247357 0.635008 0.0000 1 1.247357 0.635008 nan 0.000000 0.000000e+00
3.306569 0.479687 3141.5927 0 3.397566 0.489525 1.902201e-03 0.409278 6.908757e-02
1.634957 0.563124 0.0000 1 1.634957 0.563124 nan 0.000000 0.000000e+00
1.706540 0.214561 3141.5927 0 1.724604 0.198003 5.809246e-03 0.151428 5.106092e-02
2.353075 0.271207 3141.5927 0 2.263311 0.230443 2.697229e-03 0.130363 5.379226e-02
1.644504 0.047562 3141.5927 0 1.390477 0.041415 1.316916e-03 0.395105 3.826888e-02
2.607387 0.578198 0.0000 1 2.607387 0.578198 nan 0.000000 0.000000e+00
3.378363 0.322746 3141.5927 0 3.363569 0.316023 2.919418e-03 0.090081 2.498543e-02
3.119620 0.559823 3141.5927 0 2.694333 0.499975 1.249196e-02 0.646327 9.297554e-02
1.887977 0.550123 0.0000 1 1.887977 0.550123 nan 0.000000 0.000000e+00
1.855961 0.402004 0.0000 1 1.855961 0.402004 nan 0.000000 0.000000e+00
2.388188 0.490628 3141.5927 0 2.792755 0.533402 1.446936e-02 1.169770 1.522132e-01
3.196389 0.001933 3141.5927 0 3.196604 0.002934 2.768989e-03 0.008829 8.115592e-03
3.401177 0.591918 3141.5927 0 3.273504 0.573166 1.076732e-02 0.965913 1.055035e-01
1.670551 0.307607 0.0000 1 1.670551 0.307607 nan 0.000000 0.000000e+00
1.170246 0.360011 0.0000 1 1.170246 0.360011 nan 0.000000 0.000000e+00
1.616408 0.269233 0.0000 1 1.616408 0.269233 nan 0.000000 0.000000e+00
3.115352 0.186897 3141.5927 0 3.092393 0.170553 2.912232e-03 0.045288 2.750827e-02
1.252117 0.179476 0.0000 1 1.252117 0.179476 nan 0.000000 0.000000e+00
2.801467 0.121962 3141.5927 0 2.815300 0.127078 2.846297e-03 0.030026 2.252349e-02
3.377727 0.496353 3141.5927 0 3.338367 0.491519 3.810221e-03 0.224306 3.438512e-02
1.257236 0.685063 0.0000 1 1.257236 0.685063 nan 0.000000 0.000000e+00
1.214465 0.513664 0.0000 1 1.214465 0.513664 nan 0.000000 0.000000e+00
3.460884 0.245078 3141.5927 0 3.477959 0.249626 2.941036e-03 0.046761 1.754553e-02
2.715757 0.174940 3141.5927 0 2.723374 0.176131 2.206444e-03 0.062794 3.627075e-02
2.427128 0.372767 3141.5927 0 2.288374 0.330642 1.754346e-03 0.390013 8.460636e-02
3.463301 0.648269 3141.5927 0 3.175293 0.617952 1.189815e-02 0.992923 1.022515e-01
1.587259 0.071875 3141.5927 0 1.693637 0.058416 1.973512e-03 0.360980 2.914061e-02
1.648681 0.576408 0.0000 1 1.648681 0.576408 nan 0.000000 0.000000e+00
2.335829 0.094006 3141.5927 0 2.314337 0.045531 2.865904e-03 0.053060 5.588485e-02
2.056000 0.228312 3141.5927 0 2.035078 0.213764 1.814323e-03 0.166616 5.777576e-02
2.013071 0.325938 3141.5927 0 2.043651 0.322660 1.733990e-03 0.193749 4.693646e-02
1.259301 0.260941 0.0000 1 1.259301 0.260941 nan 0.000000 0.000000e+00
3.309668 0.236876 3141.5927 0 3.298268 0.229173 2.698939e-03 0.077759 2.985186e-02
2.333218 0.186462 3141.5927 0 2.276724 0.142821 2.914310e-03 0.087507 4.990299e-02
2.126678 0.580631 0.0000 1 2.126678 0.580631 nan 0.000000 0.000000e+00
3.027437 0.155485 3141.5927 0 3.011446 0.141180 2.780360e-03 0.028375 1.925072e-02
1.998626 0.169757 3141.5927 0 2.054808 0.186171 2.382347e-03 0.171228 7.210543e-02
2.394590 0.096604 3141.5927 0 2.391335 0.077178 3.255195e-03 0.249985 1.963311e-01
2.884480 0.030245 3141.5927 0 2.883663 0.033775 2.788433e-03 0.014684 1.810083e-02
1.971935 0.021794 3141.5927 0 1.969747 0.031574 2.827825e-03 0.051018 5.122102e-02
1.253924 0.560363 0.0000 1 1.253924 0.560363 nan 0.000000 0.000000e+00
1.393502 0.321260 0.0000 1 1.393502 0.321260 nan 0.000000 0.000000e+00
2.351252 0.047443 3141.5927 0 2.337242 0.017887 2.800604e-03 0.034044 5.399533e-02
1.000814 0.044407 0.0000 1 1.000814 0.044407 nan 0.000000 0.000000e+00
3.457130 0.618368 3141.5927 0 3.458316 0.613894 1.078675e-02 0.635150 6.434978e-02
2.753842 0.275597 3141.5927 0 2.739817 0.270878 3.081556e-03 0.066037 2.419569e-02
1.592494 0.474842 0.0000 1 1.592494 0.474842 nan 0.000000 0.000000e+00
1.381866 0.237513 0.0000 1 1.381866 0.237513 nan 0.000000 0.000000e+00
1.698361 0.389951 0.0000 1 1.698361 0.389951 nan 0.000000 0.000000e+00
2.874874 0.004852 3141.5927 0 2.876717 0.012297 2.785146e-03 0.012157 1.503470e-02
3.250551 0.225738 3141.5927 0 3.233692 0.214966 2.590130e-03 0.117012 4.609010e-02
1.225777 0.393501 0.0000 1 1.225777 0.393501 nan 0.000000 0.000000e+00
1.137976 0.092076 0.0000 1 1.137976 0.092076 nan 0.000000 0.000000e+00
2.693670 0.420526 3141.5927 0 2.685338 0.412518 9.168258e-03 0.276871 6.426839e-02
1.433773 0.224826 0.0000 1 1.433773 0.224826 nan 0.000000 0.000000e+00
3.282538 0.655754 0.0000 1 3.282538 0.655754 nan 0.000000 0.000000e+00
1.256639 0.434581 0.0000 1 1.256639 0.434581 nan 0.000000 0.000000e+00
3.082491 0.328384 3141.5927 0 3.084468 0.325140 2.780655e-03 0.089490 3.024001e-02
2.262673 0.279908 3141.5927 0 2.229662 0.259794 1.112697e-02 0.157205 5.640538e-02
2.588595 0.681121 0.0000 1 2.588595 0.681121 nan 0.000000 0.000000e+00
1.817586 0.128602 3141.5927 0 1.811778 0.125759 7.054276e-03 0.173753 8.305133e-02
2.248903 0.263085 3141.5927 0 2.198234 0.233880 3.636547e-03 0.102080 4.262181e-02
2.341139 0.499820 3141.5927 0 2.621913 0.525343 1.242593e-02 0.600904 9.303230e-02
2.707478 0.356082 3141.5927 0 2.706608 0.353652 2.389009e-03 0.144027 3.858436e-02
2.574671 0.508030 3141.5927 0 2.676866 0.512743 2.228404e-03 0.443017 7.079791e-02
2.776467 0.627515 0.0000 1 2.776467 0.627515 nan 0.000000 0.000000e+00
1.382274 0.187766 0.0000 1 1.382274 0.187766 nan 0.000000 0.000000e+00
1.520173 0.414413 0.0000 1 1.520173 0.414413 nan 0.000000 0.000000e+00
3.363139 0.687427 0.0000 1 3.363139 0.687427 nan 0.000000 0.000000e+00
3.361032 0.470331 3141.5927 0 3.356150 0.466931 2.140026e-03 0.203586 3.398080e-02
3.205930 0.067047 3141.5927 0 3.186954 0.043580 2.543785e-03 0.091014 1.095868e-01
2.786642 0.456354 3141.5927 0 2.674339 0.435257 9.161808e-03 0.404134 7.853209e-02
1.418866 0.296881 0.0000 1 1.418866 0.296881 nan 0.000000 0.000000e+00
2.731674 0.305632 3141.5927 0 2.725532 0.300126 1.462102e-03 0.114918 3.741661e-02
2.969312 0.016039 3141.5927 0 2.965195 0.013719 2.786988e-03 0.011926 1.631144e-02
2.929122 0.627180 0.0000 1 2.929122 0.627180 nan 0.000000 0.000000e+00
2.215178 0.477000 3141.5927 0 2.162621 0.458069 2.084913e-03 0.198620 4.305675e-02
1.067628 0.474967 0.0000 1 1.067628 0.474967 nan 0.000000 0.000000e+00
3.018834 0.342366 3141.5927 0 2.976981 0.328227 2.647248e-03 0.111692 3.438641e-02
1.273303 0.101831 0.0000 1 1.273303 0.101831 nan 0.000000 0.000000e+00
1.137018 0.358034 0.0000 1 1.137018 0.358034 nan 0.000000 0.000000e+00
2.345859 0.611834 0.0000 1 2.345859 0.611834 nan 0.000000 0.000000e+00
2.717202 0.202925 3141.5927 0 2.726148 0.206039 2.504807e-03 0.072871 3.675703e-02
2.046916 0.305814 3141.5927 0 1.945498 0.273785 1.647789e-03 0.174162 4.431489e-02
3.094440 0.181176 3141.5927 0 3.098727 0.179531 2.774237e-03 0.039847 2.464505e-02
3.296704 0.335464 3141.5927 0 3.302018 0.336683 2.933193e-03 0.138489 3.630008e-02
1.387945 0.618278 0.0000 1 1.387945 0.618278 nan 0.000000 0.000000e+00
1.884583 0.094050 3141.5927 0 1.921244 0.088006 2.704813e-03 0.112803 7.622671e-02
2.665647 0.511005 3141.5927 0 2.649672 0.506482 5.583490e-03 0.286608 5.472482e-02
2.167419 0.198669 3141.5927 0 2.162529 0.180886 2.048964e-03 0.117274 5.518911e-02
1.066588 0.477015 0.0000 1 1.066588 0.477015 nan 0.000000 0.000000e+00
3.343738 0.056382 3141.5927 0 3.338127 0.054806 2.794896e-03 0.014097 1.363541e-02
1.436334 0.469693 0.0000 1 1.436334 0.469693 nan 0.000000 0.000000e+00
1.930805 0.200824 3141.5927 0 1.848112 0.152971 1.038945e-02 0.179316 7.379094e-02
1.133527 0.276705 0.0000 1 1.133527 0.276705 nan 0.000000 0.000000e+00
2.712600 0.300239 3141.5927 0 2.707305 0.296319 1.731567e-03 0.109342 3.560671e-02
2.403612 0.402187 3141.5927 0 2.576142 0.432091 2.482559e-03 0.423996 8.139328e-02
2.703199 0.267522 3141.5927 0 2.727444 0.272407 1.990113e-03 0.106184 3.898830e-02
2.121151 0.110948 3141.5927 0 2.143139 0.106735 2.925337e-03 0.045780 3.258430e-02
1.047127 0.356041 0.0000 1 1.047127 0.356041 nan 0.000000 0.000000e+00
1.750305 0.628565 0.0000 1 1.750305 0.628565 nan 0.000000 0.000000e+00
1.666973 0.333694 0.0000 1 1.666973 0.333694 nan 0.000000 0.000000e+00
1.080157 0.141480 0.0000 1 1.080157 0.141480 nan 0.000000 0.000000e+00
2.400290 0.673006 0.0000 1 2.400290 0.673006 nan 0.000000 0.000000e+00
1.941286 0.500467 0.0000 1 1.941286 0.500467 nan 0.000000 0.000000e+00
2.537319 0.184541 3141.5927 0 2.512446 0.171594 2.729219e-03 0.105489 5.252017e-02
1.392522 0.416352 0.0000 1 1.392522 0.416352 nan 0.000000 0.000000e+00
2.879891 0.155417 3141.5927 0 2.873364 0.145616 2.783640e-03 0.028821 1.803008e-02
2.235684 0.124850 3141.5927 0 2.232452 0.124157 2.861068e-03 0.054408 3.632793e-02
2.363178 0.694837 0.0000 1 2.363178 0.694837 nan 0.000000 0.000000e+00
3.114526 0.230476 3141.5927 0 3.064818 0.207905 2.878048e-03 0.060611 3.010888e-02
3.230672 0.576663 3141.5927 0 3.399266 0.589243 3.953737e-03 0.536171 6.466256e-02
3.132882 0.077275 3141.5927 0 3.129508 0.068235 2.764828e-03 0.017286 1.928932e-02
3.089610 0.339617 3141.5927 0 3.010842 0.315124 2.939676e-03 0.096196 3.130416e-02
2.383205 0.621148 0.0000 1 2.383205 0.621148 nan 0.000000 0.000000e+00
1.351752 0.441796 0.0000 1 1.351752 0.441796 nan 0.000000 0.000000e+00
1.403416 0.005194 3141.5927 0 1.334266 0.024851 2.972479e-03 0.158765 3.849852e-02
1.321974 0.640010 0.0000 1 1.321974 0.640010 nan 0.000000 0.000000e+00
1.066473 0.415227 0.0000 1 1.066473 0.415227 nan 0.000000 0.000000e+00
1.674797 0.638781 0.0000 1 1.674797 0.638781 nan 0.000000 0.000000e+00
1.421954 0.344279 0.0000 1 1.421954 0.344279 nan 0.000000 0.000000e+00
2.620852 0.692095 0.0000 1 2.620852 0.692095 nan 0.000000 0.000000e+00
1.549042 0.226512 3141.5927 0 1.371027 0.223486 8.628658e-04 0.370808 3.581074e-02
2.413226 0.591410 0.0000 1 2.413226 0.591410 nan 0.000000 0.000000e+00
2.660514 0.523158 3141.5927 0 2.674888 0.516667 7.158787e-03 0.394025 6.657765e-02
1.350479 0.383990 0.0000 1 1.350479 0.383990 nan 0.000000 0.000000e+00
2.326247 0.079397 3141.5927 0 2.310028 0.052565 2.814370e-03 0.045797 5.357098e-02
1.798512 0.212274 3141.5927 0 1.838549 0.225073 8.959350e-03 0.312770 9.276006e-02
2.428214 0.392240 3141.5927 0 2.527990 0.409693 1.631692e-03 0.396628 7.998927e-02
3.048963 0.451069 3141.5927 0 3.054922 0.450260 2.350320e-03 0.165852 3.555108e-02
1.111057 0.679052 0.0000 1 1.111057 0.679052 nan 0.000000 0.000000e+00
2.493804 0.046963 3141.5927 0 2.532883 0.101217 2.792378e-03 0.074139 8.098148e-02
1.915108 0.671603 0.0000 1 1.915108 0.671603 nan 0.000000 0.000000e+00
2.528044 0.005906 3141.5927 0 2.533824 0.021210 2.723386e-03 0.035861 6.381025e-02
3.489694 0.423851 3141.5927 0 3.431509 0.409225 1.780282e-03 0.106279 2.096646e-02
2.548108 0.353217 3141.5927 0 2.448130 0.318973 1.820188e-03 0.380396 1.008374e-01
2.258663 0.413115 3141.5927 0 2.270403 0.416887 8.696171e-03 0.291931 7.091776e-02
3.382695 0.552198 3141.5927 0 3.349672 0.543345 4.755303e-03 0.508435 6.772654e-02
1.474953 0.344285 0.0000 1 1.474953 0.344285 nan 0.000000 0.000000e+00
2.866810 0.159174 3141.5927 0 2.862980 0.155873 2.750139e-03 0.033952 1.909827e-02
2.330650 0.549062 0.0000 1 2.330650 0.549062 nan 0.000000 0.000000e+00
3.167657 0.094374 3141.5927 0 3.150591 0.077963 2.825607e-03 0.025680 2.808056e-02
1.272134 0.537646 0.0000 1 1.272134 0.537646 nan 0.000000 0.000000e+00
2.083658 0.152265 3141.5927 0 2.096798 0.140194 2.995058e-03 0.069929 3.909154e-02
3.286129 0.440653 3141.5927 0 3.228436 0.428268 2.228434e-03 0.390178 7.568128e-02
2.101906 0.300003 3141.5927 0 1.959436 0.247988 9.491621e-03 0.234688 7.339690e-02
1.650203 0.650709 0.0000 1 1.650203 0.650709 nan 0.000000 0.000000e+00
1.128738 0.464863 0.0000 1 1.128738 0.464863 nan 0.000000 0.000000e+00
2.543320 0.625904 0.0000 1 2.543320 0.625904 nan 0.000000 0.000000e+00
3.433203 0.043869 3141.5927 0 3.431444 0.044118 2.792740e-03 0.010589 1.160113e-02
1.335250 0.083776 3141.5927 0 1.276443 0.088726 2.843736e-03 0.148500 5.060299e-02
2.867278 0.105539 3141.5927 0 2.861798 0.103043 2.793144e-03 0.023265 1.753771e-02
1.350549 0.021482 3141.5927 0 1.339154 0.034505 2.851160e-03 0.132308 4.815815e-02
1.550203 0.090229 3141.5927 0 1.700705 0.077001 1.636541e-03 0.358338 2.870167e-02
1.363972 0.541783 0.0000 1 1.363972 0.541783 nan 0.000000 0.000000e+00
2.616139 0.556683 3141.5927 0 2.497298 0.541764 1.381824e-02 0.659853 9.762411e-02
2.689376 0.496664 3141.5927 0 2.596386 0.478724 1.096799e-02 0.328978 5.940352e-02
2.800178 0.432265 3141.5927 0 2.775844 0.421019 3.030956e-03 0.139185 3.751403e-02
3.479678 0.165525 3141.5927 0 3.471797 0.161600 2.766778e-03 0.027513 1.458145e-02
2.860325 0.257946 3141.5927 0 2.796733 0.227315 2.174635e-03 0.115254 4.660988e-02
2.326009 0.491736 3141.5927 0 2.353254 0.492095 1.314324e-02 0.524232 8.558914e-02
3.488932 0.257541 3141.5927 0 3.477638 0.253559 2.873304e-03 0.047686 1.704874e-02
2.222066 0.579811 0.0000 1 2.222066 0.579811 nan 0.000000 0.000000e+00
1.398731 0.296537 0.0000 1 1.398731 0.296537 nan 0.000000 0.000000e+00
2.297066 0.068845 3141.5927 0 2.293201 0.038251 2.814895e-03 0.039786 4.604849e-02
2.770124 0.573215 3141.5927 0 2.282297 0.514298 1.278241e-02 0.852819 1.096677e-01
3.216252 0.115529 3141.5927 0 3.203721 0.101401 1.996422e-03 0.125023 1.096527e-01
2.837186 0.381429 3141.5927 0 2.819511 0.371560 1.481812e-03 0.204110 5.013015e-02
2.657516 0.253489 3141.5927 0 2.677314 0.256715 3.112139e-03 0.078366 3.081684e-02
2.729238 0.383068 3141.5927 0 2.742858 0.383702 1.661564e-03 0.134785 3.399550e-02
2.264288 0.488417 3141.5927 0 2.161466 0.463829 3.955934e-03 0.265108 5.794866e-02
2.941296 0.465562 3141.5927 0 2.757892 0.427410 2.541177e-03 0.235893 4.847342e-02
2.534078 0.298475 3141.5927 0 2.440761 0.269804 2.279961e-03 0.354017 1.201110e-01
3.298143 0.522053 3141.5927 0 3.358995 0.525479 2.172234e-03 0.456112 6.532677e-02
3.305698 0.386397 3141.5927 0 3.368146 0.395939 3.810807e-03 0.182567 4.023940e-02
2.305402 0.280226 3141.5927 0 2.186683 0.231510 2.840443e-03 0.147670 5.455177e-02
